     0/299     8.75G      7.36      86.2      3.65      97.3        24       512         0         0     8e-05         0      5.25        10      2.81
     1/299     10.3G      6.75      7.28      3.24      17.3        26       512         0         0  0.000643         0      5.02      2.09      2.81
     2/299     10.3G      5.65       2.6      2.89      11.1        23       512         0         0    0.0133         0      3.92      1.49      2.68
     3/299       12G      4.79      2.71      2.49      9.99        22       512         0         0    0.0207         0      4.06      1.59      2.56
     4/299       12G      5.63       3.2      2.41      11.2        26       512         0         0     0.111         0      3.58      1.72      2.33
     5/299       12G      3.71      3.01      1.88       8.6        27       512      0.25    0.0833     0.181     0.125      3.28      1.66      2.23
     6/299       12G      4.63      2.76      2.01      9.41        19       512         0         0     0.229         0      2.72      1.57      2.18
     7/299       12G      5.19      2.72      1.79       9.7        23       512         0         0     0.312         0       3.5      1.38      2.12
     8/299       12G      3.64      2.61       1.7      7.96        23       512      0.25     0.125     0.346     0.167      3.05      1.18       1.9
     9/299       12G      4.39      2.41      1.58      8.37        26       512     0.114     0.333     0.365     0.168      3.03      1.03      1.82
    10/299       12G      4.08      1.97      1.49      7.54        29       512     0.161     0.652     0.499     0.254      3.25     0.916      1.73
    11/299       12G      3.76      1.66      1.48       6.9        23       512     0.112     0.792     0.567     0.196       2.9     0.893      1.58
    12/299       12G      4.15      1.51      1.44       7.1        20       512    0.0997     0.875     0.615     0.178      3.01      1.13      1.48
    13/299       12G      4.33      1.75      1.36      7.43        23       512    0.0842     0.875     0.641     0.153      3.41      1.05      1.44
    14/299       12G      3.57      1.41      1.24      6.22        24       512      0.12     0.875     0.598      0.21      3.02     0.829      1.49
    15/299       12G       4.9      1.53      1.18      7.61        19       512     0.218     0.862     0.601     0.345      2.42     0.711      1.62
    16/299       12G      4.59      1.44      1.27       7.3        25       512     0.265     0.333     0.395     0.153      2.68      1.01      2.15
    17/299       12G      4.41      1.41      1.19         7        29       512     0.362     0.333     0.599      0.28      2.25     0.989      1.71
    18/299       12G      3.77       1.3      1.15      6.23        27       512     0.341     0.333     0.492     0.259      3.09     0.964      1.58
    19/299       12G      3.77      1.44      1.09      6.31        29       512     0.294      0.34      0.58     0.283      2.96     0.883      1.56
    20/299       12G      3.72      1.32      1.22      6.25        23       512     0.395      0.44     0.562     0.408      2.69     0.881      1.66
    21/299       12G      4.69      1.31      1.11      7.11        24       512     0.274     0.347      0.41     0.293      2.65     0.741      1.61
    22/299       12G      4.18      1.22      1.19       6.6        29       512      0.26     0.417     0.449     0.286      2.73     0.768      1.73
    23/299       12G      3.21      1.37      1.24      5.82        22       512     0.237     0.521     0.556     0.307      2.43     0.833      1.74
    24/299       12G      3.51      1.33      1.02      5.86        27       512     0.267     0.609     0.589     0.324      2.63     0.951      1.76
    25/299       12G      4.27      1.37      1.09      6.73        20       512     0.256     0.589     0.473     0.319      2.82     0.962      1.91
    26/299       12G      3.56      1.14      1.03      5.73        25       512     0.288     0.542     0.261      0.23      2.83      3.53      1.57
    27/299       12G      3.66      1.19     0.976      5.82        24       512   0.00608     0.333    0.0741    0.0115      2.19      5.46      2.14
    28/299       12G      3.25      1.11         1      5.36        22       512     0.305     0.346     0.371     0.291      2.55      1.01      2.72
    29/299       12G      3.77       1.2     0.894      5.86        23       512     0.316     0.377     0.407     0.326      2.88     0.957      2.91
    30/299       12G      3.71      1.25     0.864      5.82        23       512      0.33     0.424     0.367     0.349      2.92     0.929      3.14
    31/299       12G      2.99      1.19     0.766      4.95        25       512     0.334     0.499     0.432      0.37      2.31     0.902      3.27
    32/299       12G      3.86      1.18     0.762       5.8        26       512     0.453     0.619     0.591     0.521      2.01       0.9      1.29
    33/299       12G      3.36     0.958     0.756      5.07        18       512     0.412     0.515     0.566     0.447      2.55      0.76      1.13
    34/299       12G      3.42      1.26     0.664      5.35        33       512     0.636     0.744     0.805     0.673      2.26     0.691      1.11
    35/299       12G      3.73      0.97     0.737      5.44        23       512     0.423     0.542     0.693     0.454      2.06     0.767      1.12
    36/299       12G      3.75      1.19     0.691      5.63        32       512     0.538     0.512     0.688       0.5       2.2      0.87      1.14
    37/299       12G      3.15      1.04     0.713       4.9        28       512     0.484     0.562     0.686     0.498      2.56     0.765      1.04
    38/299       12G      3.89      1.11     0.737      5.74        28       512     0.759     0.679      0.85     0.711      2.37     0.748     0.897
    39/299       12G      3.24      1.03     0.735      5.01        21       512     0.578     0.562     0.736     0.532         2     0.802     0.854
    40/299       12G      3.77     0.965     0.727      5.46        22       512     0.483     0.405     0.539     0.432      2.25     0.931     0.827
    41/299       12G      3.95      1.11     0.668      5.73        23       512     0.316     0.333     0.484     0.303      2.99      1.11     0.838
    42/299       12G      3.48      1.01     0.746      5.24        21       512      0.38     0.529     0.538     0.431      3.22      1.07      0.79
    43/299       12G      4.12      1.05      0.79      5.96        29       512      0.21     0.417     0.505     0.267      2.98      1.09     0.793
    44/299       12G      3.38     0.879     0.733      4.99        21       512     0.205     0.292     0.318     0.233      4.01      1.12     0.862
    45/299       12G      3.96      1.08     0.598      5.64        23       512     0.292     0.257      0.48     0.273      3.34      1.21     0.803
    46/299       12G      3.13     0.918     0.707      4.75        25       512     0.248     0.333     0.478     0.276      2.71      1.23     0.798
    47/299       12G      3.42     0.936     0.686      5.05        30       512      0.42     0.482     0.542     0.441      2.44      1.15     0.789
    48/299       12G      3.44     0.949     0.626      5.02        19       512     0.791      0.57     0.718     0.652       2.5     0.995     0.808
    49/299       12G      3.34     0.894     0.491      4.72        23       512     0.469     0.331     0.595     0.384      3.14     0.975     0.821
    50/299       12G      2.83      1.03     0.511      4.37        36       512     0.451     0.399     0.681     0.405      2.48     0.944     0.934
    51/299       12G      3.35     0.886     0.602      4.84        22       512     0.474     0.486     0.639     0.426      2.15     0.991      1.05
    52/299       12G      2.94     0.949     0.571      4.46        26       512     0.518     0.518     0.657     0.504      3.22     0.836      0.98
    53/299       12G      3.56     0.948      0.45      4.96        25       512      0.67     0.542     0.684      0.54      2.57     0.854      0.95
    54/299       12G      3.37     0.941      0.44      4.75        19       512      0.66     0.557     0.795      0.55      2.48     0.793     0.902
    55/299       12G      2.78     0.885     0.535       4.2        21       512     0.457     0.542     0.678     0.446      3.51     0.836     0.808
    56/299       12G      3.44     0.926     0.415      4.78        27       512     0.768     0.542     0.712     0.562      3.96     0.958     0.784
    57/299       12G       2.9     0.857     0.583      4.34        25       512     0.539     0.417      0.65     0.406      2.35     0.902      1.35
    58/299       12G       3.5      1.02     0.542      5.06        28       512     0.716      0.73     0.767     0.687      2.42     0.817      1.44
    59/299       12G      3.88      1.07     0.525      5.47        29       512      0.74     0.831      0.81     0.743      2.76     0.723      1.52
    60/299       12G       4.4     0.991     0.679      6.07        26       512     0.482     0.625     0.808     0.483      3.43      0.72       1.6
    61/299       12G      2.86     0.944     0.664      4.47        23       512     0.595     0.771     0.849     0.603      4.31     0.706      1.52
    62/299       12G      2.99      0.84     0.555      4.38        25       512     0.793      0.84     0.995     0.758      2.89     0.744      1.34
    63/299       12G      2.88     0.906     0.584      4.37        22       512     0.613         1     0.995     0.749      1.85     0.704      1.12
    64/299       12G      3.64     0.765     0.538      4.94        25       512     0.719     0.876      0.92     0.769      2.79     0.751     0.924
    65/299       12G      2.97      1.09     0.475      4.53        27       512     0.635         1     0.962     0.772      2.33      0.65     0.847
    66/299       12G      3.01     0.939     0.405      4.35        26       512      0.67     0.917     0.962     0.774      2.79     0.657     0.764
    67/299       12G       3.2     0.817     0.344      4.36        23       512     0.594     0.792     0.844     0.676      2.89     0.718     0.725
    68/299       12G      2.82     0.952     0.468      4.24        25       512     0.803         1     0.995     0.886      2.52     0.667     0.747
    69/299       12G      2.69     0.752      1.01      4.46        17       512     0.601     0.558     0.746     0.555      2.61     0.738      1.02
    70/299       12G      2.83     0.946      0.44      4.22        23       512     0.589     0.487     0.708     0.447      2.48     0.842      1.74
    71/299       12G      2.76      0.93     0.485      4.18        22       512     0.547     0.623     0.627     0.525      2.42     0.731       1.6
    72/299       12G      3.05     0.854     0.514      4.42        30       512      0.63     0.606     0.705     0.584      2.24     0.697      1.28
    73/299       12G      2.43     0.812     0.548      3.79        26       512     0.547      0.38     0.511     0.425      3.28     0.646      1.24
    74/299       12G       2.5     0.965     0.483      3.95        25       512      0.78     0.644     0.788     0.673      2.94     0.615      1.48
    75/299       12G      2.82     0.949     0.496      4.26        25       512     0.638     0.465     0.601     0.514       2.8     0.614      1.63
    76/299       12G      2.88     0.877     0.479      4.24        20       512     0.562     0.619     0.709     0.543      2.36     0.649      1.59
    77/299       12G      2.71     0.901     0.383      3.99        29       512      0.77     0.689      0.81     0.675      2.05     0.623      1.03
    78/299       12G      3.02     0.837     0.368      4.22        21       512     0.689     0.917      0.89     0.785      2.22     0.604      0.55
    79/299       12G      2.95     0.905     0.343       4.2        25       512     0.695     0.917     0.885      0.79      2.66     0.625     0.469
    80/299       12G      2.36     0.859     0.364      3.58        27       512     0.677         1     0.995     0.806      1.83     0.618     0.563
    81/299       12G      1.97     0.803     0.258      3.04        19       512      0.55     0.875     0.912     0.664      1.98     0.596     0.566
    82/299       12G      2.87     0.881     0.361      4.11        20       512     0.798     0.994     0.974     0.882      1.97     0.575     0.533
    83/299       12G      2.95     0.852     0.353      4.16        25       512     0.779         1     0.974     0.873      2.02     0.588     0.509
    84/299       12G      3.52     0.878     0.293      4.69        30       512     0.698     0.856     0.883     0.761      1.97     0.596     0.522
    85/299       12G      3.12     0.831     0.292      4.25        25       512     0.733     0.839      0.87     0.774      2.04     0.585      0.56
    86/299       12G      2.07     0.782     0.304      3.16        24       512     0.825     0.963     0.995     0.878      1.66     0.656     0.622
    87/299       12G      2.29     0.849     0.292      3.43        24       512     0.684     0.875     0.808     0.765      1.81     0.762     0.581
    88/299       12G      2.85      0.81     0.376      4.04        28       512     0.771     0.875     0.878     0.818      2.26     0.745     0.541
    89/299       12G      2.64     0.878     0.333      3.85        22       512     0.895     0.788      0.87     0.838      2.36     0.804     0.534
    90/299       12G      2.43     0.787      0.45      3.67        21       512       0.5     0.167     0.374      0.25      2.69      1.37      0.99
    91/299       12G      3.07     0.787     0.344       4.2        22       512     0.557     0.573     0.591     0.565      2.12      4.34     0.552
    92/299       12G      2.41     0.844     0.264      3.52        21       512     0.527     0.596      0.57     0.559      1.77      3.36     0.459
    93/299       12G      2.53     0.754     0.258      3.54        23       512      0.52      0.75     0.573     0.586      2.02     0.878     0.443
    94/299       12G      2.95     0.831     0.467      4.25        26       512     0.589      0.75     0.748      0.66      2.15      0.96     0.496
    95/299       12G      2.46     0.837     0.486      3.79        20       512     0.524     0.875      0.75     0.604      2.01      1.32     0.502
    96/299       12G      2.82     0.802     0.316      3.93        24       512     0.345     0.596     0.508      0.43      2.13     0.874     0.452
    97/299       12G      2.24     0.817     0.219      3.28        23       512     0.604     0.746     0.631     0.662      2.17     0.662     0.425
    98/299       12G      2.55     0.767     0.341      3.66        26       512      0.13     0.208     0.319     0.102      2.55     0.999       0.4
    99/299       12G       2.2     0.887     0.258      3.35        27       512     0.513     0.375       0.5     0.401      2.25     0.692     0.356
   100/299       12G      1.96     0.796     0.285      3.04        25       512     0.584     0.786     0.698     0.659      2.41     0.583      0.41
   101/299       12G       2.5     0.804     0.186      3.49        25       512     0.698     0.792     0.698     0.741      2.52     0.605     0.433
   102/299       12G      1.97     0.761      0.24      2.97        24       512     0.609     0.598     0.656     0.594      2.16     0.636     0.485
   103/299       12G      2.35     0.774     0.235      3.36        29       512     0.623     0.685     0.684     0.648       2.4     0.637     0.458
   104/299       12G      2.46     0.801     0.283      3.55        28       512       0.7     0.792     0.843     0.742      2.17     0.655     0.366
   105/299       12G      1.89     0.671     0.225      2.79        20       512     0.802     0.875      0.92     0.835      1.87     0.695     0.369
   106/299       12G      2.31     0.766     0.331      3.41        26       512     0.731     0.831     0.843     0.776       2.4     0.667     0.355
   107/299       12G      2.25     0.739     0.205       3.2        31       512      0.72     0.838     0.843     0.773      2.58     0.615     0.323
   108/299       12G      2.29     0.743     0.183      3.22        27       512     0.843     0.937     0.974     0.883      1.84     0.663     0.272
   109/299       12G      2.39     0.691     0.286      3.36        17       512     0.772     0.788     0.863     0.778      1.91     0.634     0.256
   110/299       12G      2.74     0.787     0.242      3.77        29       512     0.755     0.777     0.794     0.763      1.96     0.642     0.233
   111/299       12G      2.31     0.812     0.216      3.34        32       512      0.79     0.933     0.974      0.85      2.03     0.605     0.223
   112/299       12G      2.56     0.717      0.24      3.51        24       512     0.785     0.996     0.974     0.875       1.8      0.57     0.227
   113/299       12G      2.85     0.779     0.263      3.89        31       512     0.786      0.96     0.974     0.863      1.95     0.596     0.244
   114/299       12G      2.36     0.729     0.246      3.33        28       512     0.797     0.948     0.974     0.866      1.89     0.613     0.239
   115/299       12G      2.01     0.744     0.182      2.94        30       512     0.816     0.941     0.974     0.874      1.71     0.606     0.245
   116/299       12G      2.11     0.682     0.193      2.98        24       512     0.845      0.87     0.954     0.855      1.65     0.647     0.259
   117/299       12G      2.51     0.695     0.191      3.39        22       512     0.926     0.915     0.974     0.909      1.79     0.651     0.266
   118/299       12G      2.61     0.739     0.141      3.49        28       512     0.898     0.916     0.974     0.894      1.82     0.628     0.263
   119/299       12G       2.2     0.671     0.199      3.07        22       512     0.859         1     0.995     0.923      1.63     0.592     0.264
   120/299       12G      2.12     0.663     0.181      2.96        24       512     0.819         1     0.995     0.896      1.44     0.603     0.265
   121/299       12G      2.12     0.792     0.237      3.15        23       512     0.868     0.995     0.995     0.922      1.52      0.59     0.275
   122/299       12G       1.9     0.614     0.822      3.33        21       512      0.93     0.938     0.995     0.927      1.71     0.701     0.232
   123/299       12G      2.36     0.802     0.413      3.58        26       512     0.891     0.643     0.933     0.733       2.3     0.816     0.305
   124/299       12G      1.88     0.792      0.22       2.9        32       512     0.965      0.75     0.847     0.811      1.89     0.928     0.785
   125/299       12G      1.59     0.718     0.316      2.63        18       512     0.639     0.501     0.674      0.56       2.3      1.11      1.12
   126/299       12G      2.54     0.704     0.281      3.52        22       512     0.674     0.499     0.671     0.572      2.56      1.23      1.33
   127/299       12G       2.3     0.701       0.2       3.2        23       512     0.594     0.541     0.629     0.556      1.93      1.13      1.36
   128/299       12G      2.09     0.724     0.313      3.13        21       512     0.837      0.82     0.907     0.747      1.42     0.848      1.29
   129/299       12G      2.22     0.744     0.196      3.16        22       512     0.788     0.833      0.92     0.731      1.39     0.749      1.14
   130/299       12G      2.18      0.63     0.203      3.01        27       512     0.801      0.86     0.995     0.767      1.31     0.714     0.955
   131/299       12G       2.3     0.824     0.265      3.38        22       512     0.802     0.893     0.995     0.797      1.35      0.73     0.766
   132/299       12G      2.31     0.676     0.215       3.2        22       512     0.774     0.927     0.995     0.813      1.42     0.721     0.528
   133/299       12G      1.98     0.665     0.204      2.85        23       512     0.836     0.916     0.995     0.855      1.52     0.706      0.44
   134/299       12G      2.03     0.685      0.32      3.03        26       512     0.859     0.948     0.995     0.891      1.32     0.717     0.398
   135/299       12G      1.94      0.71     0.187      2.83        20       512     0.881     0.956     0.995      0.91      1.47     0.716     0.408
   136/299       12G       1.9     0.752     0.181      2.83        27       512     0.928     0.981     0.995     0.951      1.38     0.708     0.386
   137/299       12G      2.05     0.716     0.238      3.01        27       512     0.858         1     0.995     0.921      1.43     0.677     0.361
   138/299       12G      2.16     0.712     0.169      3.04        24       512     0.842         1     0.995     0.909      1.38     0.668      0.35
   139/299       12G      2.12     0.785     0.252      3.15        28       512     0.804         1     0.995     0.883      1.53     0.626     0.321
   140/299       12G      2.51     0.632     0.182      3.32        24       512     0.811         1     0.995     0.885      1.71     0.621     0.281
   141/299       12G      2.41     0.665     0.215      3.29        26       512     0.821         1     0.995      0.89       1.9     0.615     0.278
   142/299       12G      1.72     0.729     0.166      2.61        25       512     0.804         1     0.995     0.881      1.76     0.594     0.291
   143/299       12G       1.9     0.709     0.214      2.83        31       512      0.76         1     0.995     0.853      1.56      0.62     0.297
   144/299       12G      2.31     0.625     0.192      3.13        24       512     0.795         1     0.995     0.878      1.76     0.636     0.328
   145/299       12G      1.73     0.664     0.156      2.55        25       512     0.809         1     0.995     0.884      1.69     0.701     0.362
   146/299       12G      2.19     0.708     0.136      3.04        20       512      0.83         1     0.995     0.896      1.61     0.711     0.366
   147/299       12G      1.72     0.701     0.149      2.57        21       512     0.823     0.997     0.995     0.891      1.61     0.718     0.371
   148/299       12G      2.31     0.666     0.249      3.23        22       512     0.833     0.992     0.995     0.894      1.66     0.735     0.404
   149/299       12G      1.99     0.646     0.176      2.82        30       512     0.829     0.999     0.995     0.894      1.62     0.721     0.387
   150/299       12G      1.79     0.725     0.113      2.63        19       512     0.845     0.989     0.953     0.898      1.39     0.702     0.395
   151/299       12G      1.81     0.663     0.189      2.67        34       512     0.844         1     0.953     0.904      1.77     0.687     0.371
   152/299       12G       2.7     0.728     0.166      3.59        30       512     0.808     0.993     0.953     0.881      1.43      0.69     0.352
   153/299       12G      1.99     0.622     0.152      2.77        17       512     0.811     0.992     0.953     0.884      1.48     0.686     0.325
   154/299       12G      1.45     0.555     0.243      2.25        24       512      0.84     0.991     0.953     0.904      1.79     0.693     0.327
   155/299       12G      1.84     0.633     0.137      2.61        23       512     0.825     0.999     0.953     0.898      1.82     0.704     0.314
   156/299       12G      2.09      0.69     0.174      2.96        24       512     0.718     0.938      0.92     0.801       1.5     0.723      0.31
   157/299       12G      2.24     0.547     0.139      2.93        21       512     0.722     0.968      0.92     0.812      1.51     0.711     0.305
   158/299       12G      1.94     0.658     0.541      3.14        20       512     0.714     0.958      0.92     0.805       1.4     0.703      0.31
   159/299       12G      1.87     0.548     0.157      2.58        25       512      0.74     0.947      0.92     0.816      1.57     0.713     0.324
   160/299       12G      1.77     0.608     0.137      2.52        22       512      0.74     0.875     0.912     0.792      1.81     0.706     0.309
   161/299       12G      1.96     0.568     0.183      2.71        25       512     0.742     0.863      0.92     0.788      1.63     0.707     0.297
   162/299       12G      1.26     0.503     0.112      1.88        23       512     0.743     0.857      0.92     0.786       1.5     0.718     0.288
   163/299       12G      1.81     0.551     0.352      2.71        17       512      0.79      0.95     0.933     0.847      1.85     0.719     0.256
   164/299       12G      1.63     0.616     0.128      2.38        25       512     0.789     0.932     0.933     0.846      1.52     0.736     0.259
   165/299       12G      1.65      0.48     0.155      2.29        20       512     0.758     0.875      0.92     0.809      1.56     0.714     0.243
   166/299       12G      1.58     0.621    0.0973       2.3        18       512     0.745     0.875      0.92     0.803      1.54     0.709     0.233
   167/299       12G      1.93     0.619     0.166      2.71        28       512     0.736     0.875     0.933     0.797      1.58     0.711     0.233
   168/299       12G      1.74     0.573      0.15      2.46        22       512     0.728      0.93     0.933     0.812      1.78     0.698     0.274
   169/299       12G      2.24     0.573     0.175      2.99        28       512     0.693     0.875      0.92      0.77      1.61     0.706     0.289
   170/299       12G       1.7     0.615     0.205      2.52        24       512     0.699     0.875      0.92     0.774      2.03     0.721      0.32
   171/299       12G      2.01     0.598      0.13      2.74        25       512     0.709     0.875      0.92     0.782      2.17     0.728      0.31
   172/299       12G      1.66     0.587     0.131      2.38        22       512     0.714     0.875      0.92     0.785      1.88     0.727     0.298
   173/299       12G       1.9     0.583     0.147      2.63        23       512     0.736     0.875     0.933     0.798       1.7     0.738     0.296
   174/299       12G      1.51      0.52     0.186      2.21        20       512     0.742     0.884     0.933     0.804      1.67     0.767     0.272
   175/299       12G      1.76     0.556     0.123      2.44        23       512     0.748     0.893     0.933     0.811      1.69     0.783     0.246
   176/299       12G      1.58     0.529     0.319      2.43        25       512     0.766      0.87     0.933     0.812      1.57     0.773     0.223
   177/299       12G      1.74     0.558     0.172      2.47        26       512     0.756     0.872     0.933     0.807      1.54     0.771     0.207
   178/299       12G      1.54     0.587     0.191      2.31        20       512      0.77     0.965     0.933     0.848      1.39     0.758     0.181
   179/299       12G      1.86     0.586    0.0831      2.53        24       512     0.781         1     0.933     0.865      1.32     0.756     0.166
   180/299       12G      1.88     0.578     0.203      2.66        21       512      0.78         1     0.953     0.863      1.37     0.724     0.153
   181/299       12G      1.31      0.48    0.0999      1.89        20       512     0.792         1     0.953     0.873      1.54     0.721     0.143
   182/299       12G      1.43      0.55     0.165      2.15        24       512     0.783         1     0.953     0.868      1.58     0.729     0.137
   183/299       12G      1.64     0.497     0.146      2.29        24       512     0.765         1     0.953     0.856      1.61      0.72     0.132
   184/299       12G      1.66     0.635     0.202       2.5        26       512     0.755         1     0.953     0.849      1.62     0.722     0.126
   185/299       12G      1.59     0.531     0.106      2.23        26       512     0.754         1     0.953     0.847      1.57     0.727     0.125
   186/299       12G      1.32     0.484     0.146      1.95        26       512     0.771         1     0.995     0.857      1.49     0.742     0.129
   187/299       12G      1.52     0.559    0.0875      2.17        30       512     0.766         1     0.995     0.855      1.61      0.75     0.129
   188/299       12G      1.59     0.491    0.0897      2.17        27       512     0.773         1     0.995     0.862      1.66     0.743     0.131
   189/299       12G      1.43     0.487    0.0738      1.99        24       512     0.775         1     0.995     0.864      1.64     0.739     0.132
   190/299       12G      1.46     0.515     0.134      2.11        33       512     0.771         1     0.995     0.863      1.69     0.748     0.135
   191/299       12G      1.21     0.441     0.134      1.79        21       512     0.759         1     0.995     0.856       1.8     0.742     0.137
   192/299       12G      1.42     0.514     0.103      2.04        26       512     0.761         1     0.995     0.858      1.75     0.774     0.138
   193/299       12G      1.28     0.441     0.141      1.86        32       512     0.776         1     0.995     0.866      1.62     0.766     0.143
   194/299       12G      1.29     0.523     0.111      1.92        30       512     0.795         1     0.995     0.875      1.58     0.767     0.143
   195/299       12G      1.45     0.557     0.174      2.19        29       512     0.796     0.997     0.953     0.875      1.72     0.751     0.147
   196/299       12G      1.67     0.488     0.146       2.3        25       512     0.789         1     0.953     0.872      1.62     0.755     0.151
   197/299       12G      1.66     0.555     0.132      2.34        26       512     0.784         1     0.953      0.87      1.55     0.753     0.152
   198/299       12G      1.45     0.549     0.149      2.15        19       512     0.776         1     0.953     0.865      1.49     0.754      0.17
   199/299       12G      1.55     0.517     0.089      2.16        30       512     0.764         1     0.953     0.857      1.51     0.739     0.177
   200/299       12G      1.63     0.456     0.129      2.21        31       512     0.761         1     0.953     0.858      1.63      0.75     0.187
   201/299       12G      1.04     0.486     0.153      1.68        17       512     0.766         1     0.953     0.861      1.67     0.738     0.193
   202/299       12G      1.33     0.592     0.136      2.06        25       512     0.766         1     0.953     0.862       1.8     0.735     0.201
   203/299       12G      1.27     0.528     0.153      1.95        21       512     0.759         1     0.953     0.858      1.81     0.732     0.203
   204/299       12G      1.75     0.515    0.0981      2.36        25       512     0.751         1     0.912     0.853      1.69     0.724     0.218
   205/299       12G      1.92     0.527     0.147      2.59        25       512     0.745         1     0.912     0.849      1.75     0.721     0.214
   206/299       12G      1.29     0.495    0.0848      1.87        24       512     0.745         1     0.912     0.849      1.63     0.736     0.213
   207/299       12G      1.68     0.481    0.0516      2.21        24       512     0.744         1     0.912     0.848      1.57     0.732     0.215
   208/299       12G      1.35     0.534     0.116         2        25       512     0.745         1     0.912     0.849      1.58     0.765     0.223
   209/299       12G      1.47     0.516    0.0886      2.08        30       512     0.753         1     0.953     0.853      1.57     0.762     0.227
   210/299       12G      1.35     0.515     0.063      1.92        18       512     0.753         1     0.953     0.852       1.6     0.757     0.224
   211/299       12G      1.28     0.433      0.11      1.82        23       512     0.751         1     0.953     0.851      1.62     0.765     0.214
   212/299       12G      1.43     0.614     0.133      2.18        33       512      0.74         1     0.912     0.844      1.61     0.772     0.207
   213/299       12G      1.42     0.483     0.066      1.97        24       512     0.733         1     0.912      0.84      1.48     0.777     0.204
   214/299       12G      1.49     0.502      0.12      2.12        32       512      0.73         1     0.912     0.838      1.58     0.783     0.192
   215/299       12G      1.22     0.476     0.106       1.8        26       512     0.733         1     0.912      0.84      1.68     0.788     0.182
   216/299       12G      1.53     0.543     0.146      2.22        29       512     0.732         1     0.912     0.839      1.53     0.805     0.175
   217/299       12G      1.35     0.491    0.0936      1.94        34       512     0.728         1     0.912     0.836      1.52     0.809     0.169
   218/299       12G      1.26     0.513    0.0785      1.85        21       512     0.727         1     0.953     0.836      1.54     0.819     0.166
   219/299       12G      1.42     0.509     0.105      2.03        21       512     0.726         1     0.953     0.836      1.48      0.82      0.16
   220/299       12G      1.61     0.548     0.114      2.27        20       512     0.728         1     0.953     0.837      1.62     0.815      0.15
   221/299       12G      1.48     0.505    0.0979      2.09        22       512     0.731         1     0.995     0.838      1.62     0.812      0.15
   222/299       12G      1.44     0.518    0.0836      2.05        27       512     0.736         1     0.995     0.841      1.54     0.811     0.147
   223/299       12G      0.99     0.464    0.0707      1.52        24       512      0.74         1     0.995     0.844      1.53     0.805     0.144
   224/299       12G      1.34     0.489     0.079      1.91        26       512     0.744         1     0.995     0.846      1.63     0.783     0.143
   225/299       12G      1.53     0.519    0.0578      2.11        29       512     0.752         1     0.995      0.85      1.65     0.786     0.143
   226/299       12G      1.45     0.449    0.0925      1.99        22       512     0.753         1     0.953     0.851      1.71     0.796     0.142
   227/299       12G      1.35     0.555     0.089      1.99        27       512     0.749         1     0.953     0.848      1.71     0.798     0.139
   228/299       12G      1.27     0.468    0.0779      1.81        22       512     0.734         1     0.953     0.838      1.73     0.801     0.141
   229/299       12G      1.22     0.407    0.0586      1.68        30       512     0.722         1     0.953     0.829      1.75     0.795     0.144
   230/299       12G      1.35     0.479     0.248      2.08        32       512     0.722         1     0.953     0.829      1.67     0.787     0.142
   231/299       12G      1.43     0.435    0.0538      1.92        23       512     0.724         1     0.953     0.832      1.69     0.783     0.136
   232/299       12G      1.04     0.406    0.0551       1.5        22       512     0.722         1     0.953     0.829       1.7      0.79      0.13
   233/299       12G      1.27     0.406    0.0656      1.74        20       512     0.721         1     0.953     0.829      1.71     0.783     0.127
   234/299       12G       1.3     0.463    0.0702      1.84        18       512     0.723         1     0.995     0.831      1.72     0.789     0.125
   235/299       12G      1.11     0.405    0.0669      1.58        25       512     0.725         1     0.995     0.833      1.75     0.804     0.123
   236/299       12G      1.24     0.464    0.0917      1.79        31       512      0.72         1     0.995      0.83      1.65     0.807      0.12
   237/299       12G      1.56     0.472     0.112      2.14        25       512     0.724         1     0.995     0.833      1.63     0.813      0.12
   238/299       12G      1.34     0.473    0.0925      1.91        24       512     0.725         1     0.995     0.834      1.57     0.811     0.121
   239/299       12G      1.53      0.47    0.0649      2.07        28       512     0.724         1     0.995     0.834      1.52     0.807     0.121
   240/299       12G      1.01     0.433    0.0786      1.52        28       512     0.721         1     0.995     0.831      1.73     0.799     0.116
   241/299       12G      1.24     0.488     0.105      1.84        29       512     0.717         1     0.995     0.829      1.82     0.789     0.114
   242/299       12G      1.37     0.418    0.0838      1.87        27       512     0.718         1     0.995     0.829      1.77     0.798     0.112
   243/299       12G      1.39     0.441     0.123      1.95        21       512      0.72         1     0.995     0.831      1.67     0.802     0.111
   244/299       12G      1.41     0.437    0.0996      1.94        27       512     0.718         1     0.995     0.829      1.51       0.8     0.115
   245/299       12G     0.986     0.452     0.125      1.56        20       512     0.717         1     0.953     0.827      1.42     0.808     0.117
   246/299       12G      1.47     0.477     0.129      2.08        25       512     0.716         1     0.953     0.826      1.43      0.82     0.121
   247/299       12G         1     0.405    0.0385      1.44        21       512     0.718         1     0.953     0.826      1.54     0.816     0.128
   248/299       12G     0.928       0.4    0.0864      1.41        23       512     0.719         1     0.953     0.826      1.64     0.817     0.131
   249/299       12G      1.04     0.447     0.167      1.65        25       512     0.719         1     0.953     0.825      1.67     0.815     0.128
   250/299       12G      1.19     0.473    0.0585      1.73        27       512     0.718         1     0.953     0.825      1.65     0.813     0.124
   251/299       12G      1.04     0.406    0.0894      1.53        22       512     0.711         1     0.953     0.819      1.61      0.81     0.121
   252/299       12G       1.2     0.374    0.0873      1.66        24       512     0.711         1     0.953      0.82      1.52     0.811      0.12
   253/299       12G      1.01     0.329    0.0493      1.39        18       512     0.712         1     0.953     0.821      1.52     0.811     0.118
   254/299       12G      1.17     0.373    0.0562       1.6        21       512     0.716         1     0.953     0.824       1.5     0.816     0.117
   255/299       12G     0.974     0.411    0.0778      1.46        21       512      0.72         1     0.995     0.827      1.55     0.818     0.114
   256/299       12G      1.16     0.435    0.0735      1.67        30       512     0.725         1     0.995     0.831      1.56      0.81     0.111
   257/299       12G      1.07     0.428    0.0548      1.55        24       512     0.732         1     0.995     0.838      1.58     0.818     0.112
   258/299       12G      1.13     0.378     0.132      1.64        30       512     0.734         1     0.995      0.84      1.53     0.825     0.114
   259/299       12G     0.943     0.445    0.0339      1.42        19       512     0.733         1     0.995     0.839       1.5     0.827     0.119
   260/299       12G      1.14     0.438     0.133      1.71        18       512     0.729         1     0.995     0.837      1.53     0.825     0.124
   261/299       12G     0.899     0.413     0.077      1.39        24       512      0.73         1     0.995     0.837      1.57     0.824     0.127
   262/299       12G      1.09     0.373    0.0625      1.53        21       512      0.73         1     0.995     0.838      1.59     0.822     0.125
   263/299       12G      1.03     0.356    0.0495      1.43        21       512     0.733         1     0.995      0.84      1.58     0.825     0.127
   264/299       12G     0.923     0.403     0.162      1.49        26       512     0.738         1     0.995     0.843      1.59     0.822     0.128
   265/299       12G     0.879     0.364    0.0673      1.31        22       512      0.74         1     0.995     0.844      1.64     0.818     0.128
   266/299       12G      1.17     0.435    0.0563      1.67        23       512     0.738         1     0.995     0.843      1.65      0.82     0.129
   267/299       12G       1.2     0.476     0.604      2.28        29       512     0.738         1     0.995     0.843      1.76     0.817     0.136
   268/299       12G     0.912     0.447     0.062      1.42        22       512     0.737         1     0.995     0.843      1.79     0.818     0.141
   269/299       12G      1.22      0.43    0.0775      1.73        31       512     0.737         1     0.995     0.843      1.74      0.82     0.138
   270/299       12G     0.843     0.356    0.0585      1.26        25       512     0.737         1     0.995     0.843      1.66      0.83     0.133
   271/299       12G      1.09     0.383     0.139      1.61        16       512     0.738         1     0.995     0.844      1.57     0.843     0.132
   272/299       12G     0.973     0.421    0.0682      1.46        20       512     0.737         1     0.995     0.843      1.54     0.841     0.135
   273/299       12G      1.11     0.424     0.103      1.64        26       512      0.74         1     0.995     0.845      1.49     0.842     0.131
   274/299       12G      1.32     0.454    0.0706      1.84        34       512     0.741         1     0.995     0.845      1.44     0.847     0.126
   275/299       12G      1.32     0.371    0.0812      1.77        28       512     0.744         1     0.995     0.847      1.44     0.846     0.127
   276/299       12G      1.32     0.459    0.0688      1.85        25       512     0.741         1     0.995     0.845      1.47     0.844     0.127
   277/299       12G     0.967     0.496    0.0706      1.53        30       512      0.74         1     0.995     0.844      1.47     0.845     0.123
   278/299       12G      1.09     0.437    0.0863      1.61        21       512     0.738         1     0.995     0.843      1.51     0.846      0.12
   279/299       12G     0.982     0.429    0.0373      1.45        32       512     0.736         1     0.995     0.842      1.54     0.846     0.119
   280/299       12G     0.871     0.383    0.0673      1.32        26       512     0.733         1     0.995      0.84      1.58     0.853     0.114
   281/299       12G      1.08     0.424    0.0932       1.6        23       512     0.735         1     0.995     0.841      1.62     0.852     0.115
   282/299       12G      1.24      0.45     0.111       1.8        21       512     0.736         1     0.995     0.842      1.65     0.859     0.112
   283/299       12G         1     0.431    0.0504      1.48        26       512     0.738         1     0.995     0.843      1.65     0.864      0.11
   284/299       12G     0.974     0.441    0.0502      1.47        20       512     0.739         1     0.995     0.844      1.65     0.864      0.11
   285/299       12G     0.921     0.418    0.0882      1.43        23       512     0.737         1     0.995     0.842       1.6     0.865     0.107
   286/299       12G      1.15     0.416     0.113      1.68        23       512     0.736         1     0.995     0.842      1.59     0.869     0.106
   287/299       12G      1.24     0.419    0.0432       1.7        25       512     0.736         1     0.995     0.842      1.54     0.865     0.107
   288/299       12G      1.37     0.409     0.182      1.96        23       512     0.738         1     0.995     0.843      1.51     0.861     0.108
   289/299       12G      1.02     0.411    0.0786      1.51        21       512      0.74         1     0.995     0.844      1.53     0.858      0.11
   290/299       12G     0.963     0.415    0.0696      1.45        35       512     0.742         1     0.995     0.845      1.56     0.862     0.108
   291/299       12G      1.06     0.383    0.0785      1.52        19       512     0.743         1     0.995     0.846      1.58     0.864     0.106
   292/299       12G     0.883     0.394    0.0572      1.33        21       512     0.739         1     0.953     0.844      1.69     0.861     0.109
   293/299       12G     0.967      0.39    0.0676      1.42        21       512     0.737         1     0.953     0.842      1.66     0.866     0.108
   294/299       12G      1.31     0.377    0.0511      1.74        27       512     0.736         1     0.953     0.841      1.65     0.865     0.105
   295/299       12G     0.975     0.397     0.108      1.48        25       512     0.736         1     0.953     0.841      1.58     0.867     0.103
   296/299       12G      1.14     0.358    0.0559      1.56        15       512     0.735         1     0.953     0.841      1.47     0.865     0.104
   297/299       12G      0.92     0.429    0.0618      1.41        29       512     0.736         1     0.953     0.841      1.41     0.872     0.105
   298/299       12G     0.908     0.386      0.12      1.41        24       512     0.738         1     0.953     0.842       1.4     0.877     0.104
   299/299       12G     0.934     0.376    0.0429      1.35        23       512     0.737         1     0.953     0.842      1.43     0.876     0.105
